DETAILED TRIAL RESULTS - bayesian_tuning
==================================================
Objective: Minimize Averge Energy 

Trial  | Time(s)  | Avg Energy  | Perplexity  | Combined Loss | n_embed | block_size | heads | blocks | Ts(E/A/LA/F1/F2/O)   | LR       | Warmup | Dropout | Bias 
----------------------------------------------------------------------------------------------------------------------------------------------------------------
0      | 160.0    | 0.722112    | 1147.0347   | 0.722112    | 192     | 432        | 2     | 9      | 3/13/10/4/9/8        |2.05e-04 | 1556   | 0.423   | False
1      | 83.4     | 1193742.853370 | 8.1007      | 1193742.853370 | 288     | 208        | 8     | 4      | 7/5/12/5/3/10        |9.33e-03 | 50     | 0.332   | True 
2      | 140.3    | 0.745645    | 973.7786    | 0.745645    | 256     | 512        | 4     | 8      | 4/10/3/3/3/14        |2.61e-04 | 742    | 0.407   | True 
3      | 147.4    | 0.729876    | 1200.0681   | 0.729876    | 192     | 96         | 4     | 12     | 9/5/5/5/5/7          |1.31e-05 | 1720   | 0.169   | True 
4      | 192.2    | 0.714105    | 1100.1597   | 0.714105    | 64      | 512        | 8     | 8      | 6/9/10/10/11/9       |2.67e-04 | 245    | 0.418   | False
5      | 473.7    | 19.557701   | 5.6929      | 19.557701   | 416     | 320        | 8     | 10     | 4/12/10/8/6/14       |5.80e-03 | 361    | 0.366   | True 
6      | 23.9     | 1.685880    | 503.6784    | 1.685880    | 496     | 512        | 16    | 1      | 9/3/3/4/4/3          |1.56e-03 | 151    | 0.010   | False
7      | 219.9    | 0.717642    | 952.5264    | 0.717642    | 192     | 240        | 6     | 9      | 12/12/11/4/11/11     |3.82e-04 | 464    | 0.270   | False
8      | 16.1     | 0.644394    | 745.4639    | 0.644394    | 160     | 240        | 16    | 1      | 12/4/7/6/6/3         |2.85e-03 | 163    | 0.101   | False
9      | 213.3    | 0.792882    | 774.9183    | 0.792882    | 448     | 80         | 14    | 5      | 6/8/4/7/7/7          |1.99e-04 | 77     | 0.268   | False
10     | 12.0     | 0.540537    | 1019.5815   | 0.540537    | 64      | 320        | 2     | 1      | 14/3/7/10/14/3       |1.51e-03 | 133    | 0.102   | False
11     | 13.0     | 0.535956    | 985.5557    | 0.535956    | 64      | 320        | 2     | 1      | 14/3/7/14/14/3       |1.75e-03 | 122    | 0.099   | False
12     | 33.4     | 0.640265    | 884.0218    | 0.640265    | 64      | 352        | 2     | 3      | 14/3/7/14/14/4       |2.06e-03 | 113    | 0.109   | False
13     | 23.2     | 0.628782    | 858.3196    | 0.628782    | 112     | 368        | 2     | 2      | 14/3/6/14/13/5       |8.76e-04 | 84     | 0.009   | False
14     | 167.0    | 0.732825    | 1174.4104   | 0.732825    | 352     | 160        | 8     | 6      | 9/4/8/10/8/4         |4.88e-05 | 222    | 0.173   | False
15     | 44.6     | 0.657619    | 967.4076    | 0.657619    | 112     | 416        | 2     | 3      | 11/4/5/11/10/3       |9.32e-04 | 62     | 0.087   | False
16     | 29.7     | 1.519062    | 269.6609    | 1.519062    | 272     | 288        | 4     | 1      | 8/7/5/12/14/4        |4.28e-03 | 115    | 0.186   | False
17     | 68.6     | 0.687997    | 1080.9274   | 0.687997    | 128     | 416        | 4     | 4      | 11/3/8/8/12/5        |7.66e-04 | 728    | 0.061   | True 
18     | 220.8    | 0.744988    | 1152.8087   | 0.744988    | 352     | 304        | 22    | 6      | 5/5/14/9/8/3         |9.02e-05 | 158    | 0.208   | False
19     | 17.3     | 0.634975    | 1102.1613   | 0.634975    | 64      | 368        | 2     | 2      | 14/4/4/12/4/5        |5.56e-04 | 260    | 0.133   | False
20     | 121.3    | 0.687517    | 754.3270    | 0.687517    | 224     | 192        | 16    | 4      | 10/6/6/7/9/3         |1.50e-03 | 104    | 0.486   | True 
21     | 24.6     | 0.628695    | 821.3666    | 0.628695    | 112     | 368        | 4     | 2      | 14/3/6/14/14/5       |9.89e-04 | 81     | 0.003   | False
22     | 37.7     | 1.082635    | 584.1960    | 1.082635    | 128     | 272        | 4     | 2      | 12/3/8/14/12/4       |3.20e-03 | 70     | 0.049   | False
23     | 47.7     | 0.654523    | 891.6023    | 0.654523    | 96      | 336        | 3     | 3      | 13/3/7/12/14/4       |1.66e-03 | 184    | 0.049   | False
24     | 19.5     | 4.669846    | 190.7273    | 4.669846    | 160     | 448        | 20    | 1      | 10/4/4/10/10/6       |7.13e-03 | 97     | 0.002   | False
25     | 19.4     | 0.633558    | 1016.7726   | 0.633558    | 96      | 384        | 2     | 2      | 7/3/6/12/12/3        |1.02e-03 | 125    | 0.139   | False
26     | 82.6     | 0.689827    | 836.5888    | 0.689827    | 144     | 272        | 4     | 5      | 11/3/5/14/11/6       |5.33e-04 | 62     | 0.218   | False
27     | 32.7     | 0.626813    | 874.5666    | 0.626813    | 64      | 464        | 2     | 3      | 14/4/9/9/14/3        |3.24e-03 | 51     | 0.057   | False
28     | 26.9     | 0.641514    | 848.6414    | 0.641514    | 80      | 464        | 2     | 3      | 3/4/9/8/9/3          |2.93e-03 | 50     | 0.067   | False
29     | 16.7     | 0.727049    | 737.5343    | 0.727049    | 192     | 464        | 8     | 1      | 8/6/9/9/8/3          |4.13e-03 | 352    | 0.135   | False
30     | 207.0    | 0.805299    | 651.8361    | 0.805299    | 336     | 128        | 24    | 5      | 12/5/13/7/12/4       |2.13e-03 | 449    | 0.311   | False
31     | 21.2     | 0.615133    | 1006.7918   | 0.615133    | 64      | 400        | 2     | 2      | 14/3/7/11/14/3       |1.24e-03 | 86     | 0.035   | False
32     | 41.0     | 0.597973    | 777.0191    | 0.597973    | 64      | 400        | 2     | 4      | 13/3/7/11/13/3       |9.90e-03 | 50     | 0.041   | False
33     | 50.2     | 4.892193    | 547.8868    | 4.892193    | 160     | 400        | 2     | 4      | 10/3/7/11/10/3       |7.90e-03 | 128    | 0.100   | False
34     | 62.1     | 19.609396   | 626.4977    | 19.609396   | 240     | 336        | 24    | 2      | 13/3/7/11/13/3       |9.05e-03 | 1129   | 0.033   | True 
35     | 12.5     | 0.610236    | 1156.0645   | 0.610236    | 96      | 432        | 3     | 1      | 12/3/8/13/11/4       |1.15e-04 | 94     | 0.081   | False
36     | 91.3     | 0.709266    | 1135.6886   | 0.709266    | 96      | 432        | 3     | 7      | 11/4/11/3/11/4       |1.56e-04 | 65     | 0.147   | False
37     | 341.0    | 0.712997    | 1165.7198   | 0.712997    | 144     | 320        | 4     | 12     | 8/14/8/13/3/4        |1.04e-04 | 205    | 0.079   | True 
38     | 11.5     | 0.735242    | 1195.9597   | 0.735242    | 208     | 480        | 4     | 1      | 5/5/5/10/5/3         |3.81e-05 | 141    | 0.115   | False
39     | 10.3     | 0.679465    | 1205.9967   | 0.679465    | 96      | 304        | 2     | 1      | 3/3/9/13/9/3         |2.42e-05 | 283    | 0.238   | False
40     | 219.1    | 0.722890    | 502.8998    | 0.722890    | 320     | 224        | 5     | 11     | 12/3/11/5/7/10       |4.17e-04 | 97     | 0.163   | True 
41     | 20.9     | 0.585495    | 834.0614    | 0.585495    | 64      | 400        | 2     | 2      | 13/3/7/11/13/3       |4.95e-03 | 87     | 0.034   | False
42     | 12.3     | 0.509443    | 772.6783    | 0.509443    | 80      | 496        | 2     | 1      | 13/3/8/13/13/3       |5.39e-03 | 55     | 0.030   | False
43     | 72.0     | 0.629358    | 778.8552    | 0.629358    | 80      | 352        | 2     | 4      | 13/10/6/10/13/3      |5.08e-03 | 56     | 0.032   | False
44     | 27.1     | 0.616800    | 825.2249    | 0.616800    | 64      | 496        | 2     | 3      | 10/3/7/9/12/3        |5.75e-03 | 72     | 0.023   | False
45     | 13.5     | 0.616379    | 55.2875     | 0.616379    | 128     | 496        | 2     | 1      | 13/4/10/6/13/12      |6.45e-03 | 58     | 0.114   | False
46     | 82.2     | 3.211045    | 14.2752     | 3.211045    | 400     | 272        | 8     | 2      | 11/3/6/12/10/8       |4.11e-03 | 77     | 0.089   | False
47     | 97.1     | 0.696877    | 772.0783    | 0.696877    | 176     | 400        | 2     | 8      | 9/4/7/4/13/3         |2.41e-03 | 180    | 0.374   | False
48     | 30.8     | 1.004162    | 742.9448    | 1.004162    | 80      | 336        | 2     | 3      | 13/3/8/13/11/3       |9.96e-03 | 113    | 0.070   | False
49     | 10.2     | 0.621520    | 873.3968    | 0.621520    | 128     | 512        | 2     | 1      | 4/3/5/11/12/4        |5.09e-03 | 1991   | 0.023   | False
50     | 15.7     | 0.615724    | 915.7406    | 0.615724    | 80      | 384        | 2     | 2      | 12/4/3/10/5/3        |1.94e-03 | 69     | 0.040   | False
51     | 13.2     | 0.593371    | 1100.9688   | 0.593371    | 112     | 432        | 4     | 1      | 12/3/10/13/11/4      |2.64e-04 | 96     | 0.085   | False
52     | 12.9     | 0.594480    | 1132.1854   | 0.594480    | 112     | 448        | 2     | 1      | 13/3/10/13/13/3      |3.21e-04 | 139    | 0.105   | False
53     | 12.6     | 0.583599    | 1079.1973   | 0.583599    | 112     | 448        | 2     | 1      | 14/3/10/13/11/3      |5.31e-04 | 140    | 0.111   | False
54     | 37.9     | 0.647898    | 970.1332    | 0.647898    | 144     | 480        | 4     | 2      | 14/3/12/12/11/4      |6.90e-04 | 160    | 0.177   | False
55     | 12.6     | 0.601906    | 1141.3935   | 0.601906    | 112     | 448        | 4     | 1      | 11/3/9/14/10/3       |2.30e-04 | 88     | 0.127   | False
56     | 76.6     | 2.097170    | 212.9262    | 2.097170    | 512     | 416        | 4     | 1      | 12/7/12/13/14/5      |1.40e-03 | 113    | 0.152   | False
57     | 23.0     | 0.637610    | 1103.0748   | 0.637610    | 80      | 432        | 4     | 2      | 14/4/10/12/7/4       |4.47e-04 | 194    | 0.098   | False
58     | 12.7     | 0.650267    | 1095.8033   | 0.650267    | 176     | 496        | 4     | 1      | 10/3/8/14/9/3        |2.85e-04 | 125    | 0.198   | False
59     | 49.4     | 0.665876    | 968.6539    | 0.665876    | 112     | 240        | 2     | 3      | 5/3/11/11/12/3       |1.10e-03 | 99     | 0.062   | False
60     | 20.1     | 0.656768    | 1041.7429   | 0.656768    | 128     | 352        | 2     | 2      | 9/4/9/9/10/4         |6.64e-04 | 247    | 0.479   | False
61     | 13.0     | 0.613006    | 1169.6046   | 0.613006    | 112     | 448        | 2     | 1      | 13/3/10/13/13/3      |1.70e-04 | 147    | 0.120   | False
62     | 13.0     | 0.573589    | 1084.8068   | 0.573589    | 96      | 480        | 2     | 1      | 14/3/10/13/14/3      |5.53e-04 | 134    | 0.083   | False
63     | 12.3     | 0.571764    | 1118.1641   | 0.571764    | 80      | 480        | 2     | 1      | 14/3/8/12/14/3       |5.23e-04 | 174    | 0.016   | False
64     | 22.2     | 0.625991    | 1084.0808   | 0.625991    | 64      | 480        | 2     | 2      | 14/3/8/12/14/3       |8.25e-04 | 169    | 0.011   | False
65     | 21.8     | 0.637658    | 1133.6564   | 0.637658    | 80      | 512        | 2     | 2      | 14/3/6/14/14/3       |5.08e-04 | 227    | 0.056   | False
66     | 11.1     | 0.578592    | 1072.2865   | 0.578592    | 96      | 480        | 2     | 1      | 11/3/7/12/12/3       |6.22e-04 | 131    | 0.018   | False
67     | 127.1    | 0.703414    | 1079.8432   | 0.703414    | 96      | 480        | 2     | 9      | 11/3/8/12/12/3       |5.76e-04 | 132    | 0.019   | False
68     | 10.2     | 0.583060    | 1166.5925   | 0.583060    | 96      | 64         | 2     | 1      | 14/3/9/3/12/3        |3.68e-04 | 327    | 0.000   | False
69     | 17.5     | 0.768979    | 1126.6043   | 0.768979    | 272     | 128        | 4     | 1      | 7/4/9/3/12/3         |3.52e-04 | 410    | 0.007   | False
